# Configuration parameters of hand MNS20
# Tool: tool1
#
# Last modified: 28-Mar-2023
transmissions:
  j_index_fle:
    N_x_intervals_f: 14
    N_x_intervals_f_inv: 16
    N_x_intervals_df: 18
    x_intervals_f: [-1.13,-0.85,-0.60,-0.28,-0.09,0.04,0.17,0.58,0.88,1.16,1.49,1.88,2.07,2.27]
    x_intervals_f_inv: [-1.28,-1.07,-0.70,-0.38,-0.17,-0.05,-0.01,0.00,0.01,0.05,0.15,0.33,0.80,1.16,1.33,1.51]
    x_intervals_df: [-1.15,-0.99,-0.50,-0.38,-0.29,-0.19,-0.02,0.09,0.34,0.50,0.64,0.82,1.04,1.30,1.78,2.00,2.11,2.27]
    f_scale: [-0.6705582219647,-0.8299821067473,-1.0366221256925,-1.2262022489153,-1.1604205554714,-0.8955541242995,-0.5832563364065,-0.1968706134848,-0.5267156712180,-0.7233650011359,-0.8416737067011,-0.9450641089263,-1.0488170270720,-1.2078946322888]
    f_offset: [0.5775060401432,0.3980922426909,0.2232514362568,0.1101475375304,0.1277957502142,0.1505967544095,0.1368236809524,0.0693707023805,0.2618292700059,0.4354134353246,0.5730675926591,0.7275466161758,0.9229127778163,1.2530774337703]
    f_inv_scale: [-0.8203383285633,-0.9440246696288,-1.0515004769685,-1.1910309576994,-1.4239023307068,-1.9574617940069,-3.4317798129275,-10.4616726111735,-9.2928001240250,-2.8128468924170,-1.4631988936612,-0.9695288250740,-0.8127693244475,-0.9762940898187,-1.2422251455687,-1.4912948156388]
    f_inv_offset: [1.0486343248185,0.8908334108128,0.7755910883557,0.6776333857301,0.5884863182886,0.4966810223863,0.4229925357473,0.3588611111111,0.3488956249693,0.2823282477067,0.2155172995178,0.1408061485440,0.0898348033693,0.2202233954359,0.5293031283265,0.8612317636656]
    df_scale: [-0.4553358430042,-0.6238441615205,-0.7857546596341,-0.4176486399263,0.0731564658294,0.6943654018354,1.6664160081411,2.4019617206753,2.4171101712972,1.7996235162071,1.3030194201418,0.9084611033826,0.5925203967145,0.3854591134670,0.2838351033108,0.3923273519409,0.6578147296869,1.4615517073575]
    df_offset: [-1.2455629027911,-1.4388477267943,-1.5983933547474,-1.4158797080471,-1.2312595779227,-1.0538868407545,-0.8741489347501,-0.8606839166978,-0.8608342166232,-0.6487106742640,-0.3988166185402,-0.1447602247582,0.1154165791440,0.3314114935834,0.4637579944599,0.2699493256112,-0.2620500226512,-1.9632521722395]
    f2_offset: -0.0510
    h_i_offset:  -0.630
    h_i_scale:   7.643
    h_i_inv_offset:   0.0824
    h_i_inv_scale:   0.1308
    h2_i_offset: 0.50417476
    h2_i_scale: -0.00078125
    h2_i_inv_offset:  645.344
    h2_i_inv_scale: -1280.000
  j_mrl_fle:
    h_mrl_offset:  -3.380
    h_mrl_scale:   7.090
    h_mrl_inv_offset:   0.4767
    h_mrl_inv_scale:   0.1410
    h2_mrl_offset: -0.11208596
    h2_mrl_scale: 0.00078125
    h2_mrl_inv_offset:  143.470
    h2_mrl_inv_scale: 1280.000
  j_thumb_fle:
    h_tf_offset:  -6.392
    h_tf_scale:  12.894
    h_tf_inv_offset:   0.4957
    h_tf_inv_scale:   0.0776
    h2_tf_offset: 0.03158081
    h2_tf_scale: 0.00039062
    h2_tf_inv_offset:  -80.847
    h2_tf_inv_scale: 2560.000
  j_thumb_opp:
    th_opp_start_close_index_angle:  -0.577
    th_opp_stop_close_index_angle:   0.013
